step,r_p10,r_p50,r_p90,r_p99,r_mean,r_std,r_cv,r_anisotropy,temporal_drift
1,11.642327117919923,27.745522499084473,151.31100616455075,1781.7109643554686,199.66337656532414,2584.17696901532,12.942668873326658,12.996628992811253,
2,11.885602474212646,22.667506217956543,60.30683593749999,188.06589660644525,35.46868471777998,98.82687650476839,2.786313540835299,5.073940178324446,0.30397996915141245
3,12.065816402435303,20.44879722595215,44.380855941772445,102.64613502502438,25.569398840889335,18.213328143258448,0.7123095954110811,3.6782306693159064,0.18042095579835515
4,12.553561973571778,19.786203384399414,37.12905693054199,68.94765777587891,23.027512860950083,12.687911628254225,0.550989232092464,2.9576511438512396,0.12468458245074121
5,12.658801651000976,19.39127540588379,33.40792350769043,58.159498214721665,21.676706353668123,9.74370263598458,0.4495010670445215,2.6391063252854385,0.09378474473368037
6,12.74386510848999,19.008906364440918,30.176394271850587,47.915485267639156,20.669705548789352,7.948821876950311,0.3845638660980288,2.3679153863412292,0.07810087750300543
7,12.975736808776855,18.6518611907959,28.59468307495117,44.67987503051757,20.072665825719014,6.895839352352821,0.34354377302078204,2.203703997418442,0.0658148786608046
8,13.05262155532837,18.449617385864258,27.877987098693847,40.36639648437499,19.68639770662412,6.26742946161076,0.3183634484587235,2.1358151678973205,0.05543280916097526
9,13.3927752494812,18.305034637451172,26.632594490051268,37.77121906280517,19.396367334760725,5.737226053946336,0.29578868841406747,1.988579214833232,0.049937154458266964
10,13.477501678466798,18.091726303100586,26.021312141418456,36.926812667846676,19.23412944469601,5.477424921217548,0.2847763366138725,1.9307222334086656,0.04532100413166473
11,13.625120544433594,18.1138858795166,25.61243267059326,36.047503242492674,19.05548142036423,5.077795129950354,0.26647425052844953,1.8797949410478398,0.03870105669661372
12,13.716679286956786,18.04554271697998,24.843753623962403,33.294661865234374,18.83548643020913,4.666707298835438,0.24776144306795178,1.8112075892586021,0.03656670412764895
13,13.900022029876709,18.074353218078613,24.382647705078124,32.478867225646965,18.70476620970294,4.374004617753117,0.23384438857536427,1.7541445367978596,0.033470319407202354
14,13.988319492340088,18.028688430786133,24.158303260803223,31.460840854644772,18.621420877985656,4.18319791266057,0.22464439959068694,1.7270339924700857,0.03086628283845383
15,14.129422569274903,17.99965000152588,23.958880615234374,30.9589526939392,18.54528288077563,4.015181370349307,0.21650688189348222,1.6956730183251856,0.028790765518569517
16,14.13564691543579,17.892948150634766,23.592427444458007,30.064858684539793,18.44240364432335,3.863864698490658,0.20950982165928098,1.6690023163139167,0.027014760821363337
17,14.175723361968995,17.880159378051758,23.36227340698242,29.453431510925284,18.36014218395576,3.7385823538896314,0.20362491294629725,1.6480480614950024,0.025673381510805005
18,14.238433265686036,17.7486629486084,22.899258613586426,29.039489822387672,18.275118230842054,3.5647438615854283,0.19505996166795672,1.6082709513252822,0.023923899964286788
19,14.26559238433838,17.786256790161133,22.812213134765624,28.363137683868406,18.23625634331256,3.4613373672604557,0.18980525948406987,1.5991073150113442,0.022628312772824843
20,14.301617431640626,17.737650871276855,22.559637832641602,28.27019161224365,18.181022976059467,3.367123480940466,0.1851998914128347,1.5774186339743006,0.022013625557066208
21,14.323127555847169,17.726945877075195,22.413819122314454,27.58969974517822,18.11898782569915,3.2641053852644775,0.18014832929214833,1.5648690577474051,0.020441554797785866
22,14.401901626586914,17.689815521240234,22.21739501953125,27.50247594833374,18.082712188363075,3.171919313840764,0.17541170156333166,1.5426709330187611,0.018911753897697725
23,14.489746570587158,17.63571548461914,22.21010055541992,26.59217918395996,18.051144161261618,3.0952387735307925,0.17147050324783747,1.532814976937165,0.018788740035383666
24,14.489316844940186,17.681872367858887,22.139090728759765,26.55594982147217,18.02607019012794,3.058313413773981,0.16966057390860934,1.5279595971076412,0.017648141407318407
25,14.527920913696288,17.68552017211914,21.832572174072265,26.463680477142333,17.991277650464326,2.9700764882541533,0.1650842450412353,1.502800869014194,0.016948487537576495
26,14.621274375915528,17.68589496612549,21.81059417724609,25.880778942108154,17.979253503028303,2.894240699980891,0.16097668902067624,1.4917026803883089,0.016400456959327903
27,14.691410636901855,17.68805980682373,21.67474308013916,25.846579551696774,17.959513098932803,2.842649607723942,0.15828099526221895,1.4753343716155196,0.01583642816041686
28,14.805016040802002,17.66703987121582,21.592167472839357,25.99731735229492,17.94685850152746,2.7641694599110576,0.1540196831482122,1.4584359390987656,0.015418877294036681
29,14.818742370605468,17.649388313293457,21.536165046691895,26.030078964233393,17.92952218139544,2.73710715492213,0.15265923582516258,1.4533058547134972,0.014923376869926397
30,14.858125305175781,17.580337524414062,21.425832748413086,25.720640506744385,17.913851737510413,2.6797309345512197,0.1495898801562615,1.4420280020757037,0.014032207649302908
31,14.787353515625,17.601330757141113,21.399258232116697,25.136046218872067,17.903546805027872,2.6245987838550966,0.14659658292501168,1.447132389815747,0.013887383688156563
32,14.77021141052246,17.60743236541748,21.347378158569335,25.232122802734374,17.888265300542116,2.5906472898205735,0.14482384100945003,1.4452994317577086,0.013516005733642755
33,14.836975955963135,17.56608295440674,21.172071838378905,25.230846824645997,17.86405863892287,2.5448097141781334,0.1424541738031137,1.4269802620977914,0.01302663631596146
34,14.874228286743165,17.5930233001709,21.10569896697998,24.853215618133543,17.841926319524646,2.5007685343622432,0.14016247402757295,1.4189441334439306,0.01275248146632979
35,14.903080081939697,17.609859466552734,20.982174110412597,24.847784347534176,17.833591545931995,2.4588378534836965,0.13787676179252742,1.4079085662191302,0.012218258791919956
36,14.921130275726318,17.608745574951172,20.92317943572998,24.622037715911866,17.83982585091144,2.4186245719574697,0.1355744496706453,1.4022516424086044,0.011659939225542981
37,14.95707139968872,17.634678840637207,20.872139167785644,24.43287857055664,17.820811865851283,2.361286190315039,0.13250160588024607,1.3954696484379974,0.011428048233025567
38,15.011310863494874,17.56757926940918,20.87023811340332,24.1286767578125,17.806219529826194,2.3287402820206373,0.13078240881619457,1.3903008406918298,0.01133522477865978
39,15.037360572814942,17.576062202453613,20.774158668518066,24.13086862564087,17.78598447376862,2.282437182281424,0.1283278519470002,1.3815029950185742,0.010777243046049323
40,15.058835887908936,17.5487060546875,20.6877721786499,23.984932289123535,17.770307699684054,2.254540732712675,0.12687122647587917,1.3737962437893727,0.010611701919646999
41,15.06735725402832,17.560873985290527,20.691641998291015,23.842777309417723,17.768002619035542,2.2312725181567084,0.12557812861679007,1.373276125961573,0.010115998108424451
42,15.120771503448486,17.540047645568848,20.637456130981445,23.794557571411133,17.749972658697516,2.2028421337523496,0.12410397334741546,1.3648414782456575,0.010575391420626357
43,15.170142269134521,17.551931381225586,20.62914905548096,23.616905517578125,17.75611887779087,2.1625928256329097,0.12179422995065964,1.359852049473092,0.009771147217049192
44,15.198102951049805,17.59736919403076,20.498045349121092,23.481092567443845,17.755562389735132,2.1367718125505677,0.12034379794051923,1.348723943714646,0.009753983830976143
45,15.17759304046631,17.592080116271973,20.53125991821289,23.565669937133787,17.761369411833584,2.118706027146598,0.11928731270771281,1.3527349075359116,0.00948798880641788
46,15.197364139556885,17.605382919311523,20.47650489807129,23.193802165985108,17.750020276755095,2.0785062867270745,0.11709881196299395,1.3473721304586923,0.00937544497861209
47,15.217389488220215,17.596830368041992,20.462640953063964,23.11188121795654,17.744459994137287,2.052733779687824,0.11568307969732754,1.3446879945409886,0.009096221261070125
48,15.230379199981689,17.642303466796875,20.401919937133787,22.955595092773436,17.753824196755886,2.0337353007096257,0.11455195670357293,1.339554299288774,0.009058685853880366
49,15.231504344940186,17.617627143859863,20.287043380737305,22.783268070220945,17.735774564091116,2.006062325619241,0.11310824449025371,1.3319133108133563,0.008687006687239318
50,15.275031471252442,17.601157188415527,20.296661186218262,22.75618938446045,17.72792499465868,1.9755102660348491,0.1114349404473484,1.328747585523245,0.008543372901853141
51,15.296524333953858,17.613248825073242,20.254589080810547,22.693442077636718,17.72010266268626,1.9549453624021111,0.11032359121252142,1.324130151308374,0.008472077128381716
52,15.304790115356445,17.564287185668945,20.20949478149414,22.718023052215575,17.720833690371364,1.9462104010036652,0.10982611964024812,1.3204686002989636,0.008285180398992953
53,15.336695766448974,17.553614616394043,20.18327980041504,22.760621986389157,17.707071148324758,1.9214575003628047,0.1085135697636021,1.3160122693812968,0.007989649478429062
54,15.321861267089844,17.565433502197266,20.170086097717284,22.680550937652587,17.695491412188858,1.904999459626902,0.1076545101378036,1.3164253184462025,0.008086582700183476
55,15.350324058532715,17.572416305541992,20.162602615356445,22.676448097229002,17.686722145881504,1.8936516839445365,0.10706628782459211,1.3134968707158172,0.007772321343091804
56,15.364842891693115,17.57594394683838,20.109808540344236,22.592644462585447,17.67686165124178,1.875227398869199,0.1060837288805429,1.3088196659151297,0.007551750507069466
57,15.413383197784423,17.54452896118164,20.085823440551756,22.56248481750488,17.664931462612003,1.8580934673426972,0.10518543314336486,1.3031417686052837,0.007445638254703901
58,15.419098091125488,17.533008575439453,20.07124843597412,22.526968994140624,17.654038748238236,1.8399043042936951,0.10422002186198363,1.301713518997988,0.007475884313702386
59,15.428395557403565,17.5182466506958,20.073476219177245,22.438869972229003,17.651405182667077,1.8225032932951115,0.1032497568570196,1.3010734748464925,0.0072946602419325934
60,15.428573322296142,17.502103805541992,20.10263557434082,22.438226985931397,17.644946664571762,1.8046530923404582,0.10227591653557751,1.3029484421148712,0.006978137256941075
61,15.470157051086426,17.53989887237549,20.06479721069336,22.353473720550536,17.64075355557725,1.789803710078653,0.10145846119554196,1.297000227239727,0.007003512075496765
62,15.46432704925537,17.52157974243164,20.125048828125,22.161196670532227,17.6376305189915,1.7787824125807865,0.10085155206451707,1.3013853602568533,0.007021172279340737
63,15.49551181793213,17.511313438415527,20.030901527404783,22.197528533935547,17.635809670668095,1.764005946352094,0.10002409752051199,1.2926905392194976,0.006931685221134298
64,15.519621658325196,17.481481552124023,20.01085834503174,22.100243816375734,17.633667626883835,1.745863228521561,0.09900737982947251,1.2893908618124919,0.00675981960385208
65,15.537233448028564,17.494393348693848,19.94799671173096,22.179935493469237,17.635378856677562,1.7367461375299844,0.0984807954308491,1.2838834389955087,0.006586655313405965
66,15.589084148406982,17.507320404052734,19.962404251098633,22.151611557006834,17.64081642171368,1.7273547915899086,0.09791807534847122,1.2805373337559764,0.006538179913600173
67,15.564350700378418,17.502070426940918,19.89843807220459,22.228770084381104,17.641023207921535,1.7236609688230986,0.09770753932510587,1.2784624591966305,0.006394499350014016
68,15.558634567260743,17.527287483215332,19.81294822692871,22.32694492340088,17.63243384892121,1.7078521399177007,0.0968585593203397,1.2734374691607004,0.006299985316474022
69,15.562466049194336,17.537227630615234,19.82990894317627,22.279773654937742,17.62798043480143,1.6949334126806463,0.096150175509299,1.274213796225622,0.00627750106300673
70,15.600344371795655,17.51245880126953,19.81740608215332,22.19406965255737,17.621111155487597,1.674095049814913,0.095005078569836,1.2703185013006393,0.006143615904997457
71,15.565449810028076,17.47776508331299,19.78998146057129,22.195915431976317,17.61779734538868,1.667818053379963,0.09466666125640849,1.2714044054044331,0.006116956627444381
72,15.608932304382325,17.483189582824707,19.76529769897461,22.087522354125973,17.61163045745343,1.655874131120472,0.09402162594319531,1.2662812108823969,0.006030185870425475
73,15.647894191741944,17.501870155334473,19.775938034057617,22.070799045562744,17.61797592509538,1.6466293243590333,0.09346302500127403,1.2638082665777621,0.0059682147405080155
74,15.627514839172363,17.50890350341797,19.737414169311524,21.92618782043457,17.620298563037068,1.632122579100345,0.09262740771737692,1.2629912287676843,0.0058529642129772075
75,15.649688339233398,17.517868041992188,19.737684440612792,21.975737171173094,17.62128670234233,1.6265124795758454,0.09230384290607106,1.2612190104214973,0.005844512161675697
76,15.666073513031005,17.523985862731934,19.738886833190918,21.872214641571045,17.622147069312632,1.6178182180336023,0.09180596505467178,1.2599766506120476,0.005504193199069363
77,15.670386123657227,17.52352237701416,19.757661056518554,21.823912982940673,17.622616450302303,1.606315055416365,0.09115076980460582,1.2608279656039145,0.005507386327919361
78,15.673418712615966,17.528722763061523,19.733778953552246,21.769739933013913,17.62177487043664,1.5950156978738776,0.09051390734481422,1.2590602800439437,0.00563851691210937
79,15.669134330749511,17.506709098815918,19.728059196472167,21.575034046173094,17.61569346114993,1.5814938042927493,0.08977755021569905,1.2590395091423345,0.005459005177502085
80,15.686448764801025,17.501556396484375,19.733582496643066,21.651918640136717,17.612592956982553,1.5740197218193581,0.08936899442710021,1.258001909324655,0.005339852522225463
81,15.694710826873779,17.50108051300049,19.651199722290038,21.434421443939208,17.60772360721603,1.5578272938223496,0.08847408833609348,1.252090588928955,0.0052681983514080155
82,15.696901035308837,17.5006160736084,19.600102615356445,21.38128116607666,17.603410644456744,1.5487264714577516,0.0879787731331167,1.2486606478098887,0.0053489273719740105
83,15.722277641296387,17.5081205368042,19.616084480285643,21.345210514068604,17.598631920292974,1.5356353306640165,0.08725879020705446,1.247661752821469,0.005285965786275382
84,15.702366256713868,17.49514102935791,19.604151725769043,21.37076633453369,17.59361730981618,1.5278623001608997,0.08684185140871765,1.2484839167082151,0.00517559773518661
85,15.71943302154541,17.502132415771484,19.599796295166016,21.307067909240722,17.59178427234292,1.5183979206420073,0.08631290022292792,1.2468513507008867,0.0052008527962930096
86,15.728185749053955,17.520139694213867,19.587425994873048,21.324365863800047,17.58583874395117,1.5051187010843896,0.08558697273407505,1.2453709733210154,0.005155425852616746
87,15.709356021881105,17.487128257751465,19.557216072082518,21.27219686508179,17.58557165414095,1.493915695469031,0.08495121596557552,1.244940661147525,0.005006838650244871
88,15.725727558135986,17.490062713623047,19.53724365234375,21.20798988342285,17.582986847497523,1.4834813068134325,0.08437026767295609,1.2423745470673506,0.004880196484410737
89,15.723579597473144,17.50039768218994,19.5296688079834,21.2241654586792,17.581588904373348,1.471685063514032,0.08370603314174616,1.2420625142586432,0.00479757873598996
90,15.730423259735108,17.504518508911133,19.53718681335449,21.180309028625487,17.582246851176023,1.4673128656024619,0.08345422960003077,1.24200007150243,0.0048845202000606935
91,15.740090560913085,17.494361877441406,19.50600109100342,21.13718229293823,17.581217903178185,1.4608853303464056,0.0830935227804849,1.239255963332391,0.004703715153136834
92,15.755329704284668,17.494890213012695,19.518900299072264,21.07388675689697,17.58023919723928,1.4528673353263015,0.08264206869008092,1.2388760289646044,0.0047707856677301486
93,15.766098308563233,17.497608184814453,19.531642723083497,21.14498523712158,17.577269432134926,1.4416460635702626,0.08201763471490242,1.2388380651207178,0.004703099875570382
94,15.746279335021972,17.477076530456543,19.501650619506837,21.13033489227295,17.57302954280749,1.439022895071372,0.08188815090567883,1.2384926117836854,0.004671594254137323
95,15.75398759841919,17.485877990722656,19.474475288391112,21.11421199798584,17.566356886643916,1.4294820701282616,0.08137612592939678,1.236161649025625,0.004567862738307005
96,15.753253269195557,17.48045253753662,19.476910209655763,21.109510097503662,17.557518946938217,1.4187799444924887,0.08080754170223486,1.2363738382687957,0.004514182792160204
97,15.77162275314331,17.482128143310547,19.483894729614256,21.02711112976074,17.55454897787422,1.4139933812642569,0.08054854516891641,1.2353766657100065,0.004539379659398435
98,15.772054100036621,17.480762481689453,19.430109405517577,20.91214063644409,17.549070943146944,1.4039437612037506,0.08000103058173585,1.2319327135374498,0.004499089392175026
99,15.791953086853027,17.49665641784668,19.43281993865967,20.897060565948486,17.544214869849384,1.3935586407964802,0.07943123423501731,1.2305520306312019,0.004472754413204161
100,15.781475162506103,17.50260829925537,19.45610408782959,20.934575824737546,17.54789182310924,1.389221230757853,0.07916741479613833,1.2328444513256742,0.004339406996943573
101,15.819239521026612,17.4822359085083,19.420269775390626,20.852400398254392,17.54814491700381,1.3819105436498247,0.07874966557352625,1.2276361167411112,0.004181031446163885
102,15.815038871765136,17.47242259979248,19.3939302444458,20.821916370391847,17.548755361698568,1.3735184562523064,0.07826871068304422,1.226296716795943,0.004274085551150497
103,15.811690616607667,17.48476791381836,19.402975845336915,20.778729801177978,17.55213543213904,1.371571089459882,0.07814269065793847,1.2271284782765213,0.004175055159772567
104,15.823682117462159,17.47725200653076,19.38910083770752,20.769425601959227,17.55358437774703,1.3697218804763915,0.07803089391889731,1.2253216851664859,0.004239364267830004
105,15.841438007354736,17.46939468383789,19.370860290527343,20.81439603805542,17.54951827088371,1.360027234850032,0.07749655653548304,1.2227968371011517,0.00425457744408031
106,15.84769115447998,17.478796005249023,19.348201560974122,20.764572010040283,17.546997717116028,1.3515602408641816,0.07702515624914094,1.2208845674976814,0.004140796538783409
107,15.882787227630615,17.474421501159668,19.324181175231935,20.731664848327632,17.549717555288225,1.3450981779328486,0.07664500432529939,1.2166744349262875,0.004119884470376478
108,15.872588348388671,17.470973014831543,19.35178337097168,20.731684284210203,17.55016431165859,1.3430415274090093,0.07652586628586865,1.219195190237275,0.0040690110039933725
109,15.90732479095459,17.47096061706543,19.34133987426758,20.764495372772217,17.54892215784639,1.3371809557205225,0.07619732674708164,1.2158763417759395,0.004034254330901765
110,15.917112255096436,17.48449993133545,19.341941833496094,20.71754695892334,17.548506026621908,1.325103190885245,0.07551088331251682,1.2151665153522477,0.003950994180258238
111,15.93658971786499,17.48655414581299,19.338206672668456,20.776245441436767,17.5492819766514,1.3178504142422354,0.07509426402718819,1.2134469805036292,0.0038170359016505007
112,15.911909103393555,17.467904090881348,19.306053352355956,20.757207679748536,17.54479968873784,1.312274138717372,0.07479561818877489,1.2133084237037608,0.004012914527022016
113,15.937866020202637,17.46035671234131,19.28116512298584,20.815548915863037,17.541084120050073,1.3048338047681838,0.0743872953255331,1.2097708123876358,0.003919945014053905
114,15.939996814727783,17.47366428375244,19.27997932434082,20.752363300323488,17.54002837277949,1.2990550646217962,0.07406231261505883,1.209534703703771,0.0038900018540797277
115,15.91544828414917,17.467777252197266,19.29121913909912,20.741310176849364,17.538523895200342,1.292385032511439,0.07368835828111611,1.2121065517401741,0.0038619741732801582
116,15.917543697357178,17.459508895874023,19.26280746459961,20.718104324340818,17.53905055858195,1.2843346510860463,0.07322714800303798,1.2101620596020637,0.0037826188196787847
117,15.933810615539551,17.45999526977539,19.21949634552002,20.673670444488526,17.53616703627631,1.2772118768607068,0.07283301272271152,1.2062084086010212,0.0038247585042854304
118,15.90910005569458,17.453349113464355,19.25268421173096,20.68513458251953,17.532726912759244,1.2749557218569698,0.07271862090825901,1.2101680261190864,0.0037565050904044828
119,15.911676979064941,17.469566345214844,19.208315658569337,20.672764835357665,17.533461342565715,1.2685437125232286,0.07234987363525333,1.2071836101148732,0.003720862491553456
120,15.921517276763916,17.473800659179688,19.21006851196289,20.65371961593628,17.528034980408847,1.2630491761305462,0.07205880051827038,1.2065476033492317,0.003610316228342514
121,15.94552297592163,17.459604263305664,19.188416481018066,20.648595886230467,17.525622742716223,1.258369941696652,0.07180172483283881,1.2033732923023805,0.0036957961587227306
122,15.935884857177735,17.468961715698242,19.168111991882324,20.64751262664795,17.52275614766404,1.2548403493103482,0.07161204200616757,1.202826963401957,0.0035747988578720413
123,15.936573505401611,17.471323013305664,19.165445709228514,20.687664222717284,17.521628527436405,1.2488158622411105,0.07127281920659603,1.2026076811764144,0.003597682192012508
124,15.930930614471436,17.467409133911133,19.17148609161377,20.664843292236323,17.52077607763931,1.243240489464176,0.07095807194584533,1.2034128172147494,0.0036024796727929242
125,15.931895446777343,17.467724800109863,19.12796974182129,20.587396869659422,17.521551283542067,1.2335084736616853,0.07039950137407729,1.2006085406297615,0.003511389492205197
126,15.942082786560059,17.46718978881836,19.10194911956787,20.562984199523925,17.518106693867594,1.2263842933076434,0.07000666879925745,1.1982091283374672,0.0034538266371897386
127,15.958554553985596,17.46988296508789,19.102581024169922,20.51754787445068,17.512153960764408,1.2161117935835928,0.06944387288441298,1.1970119824792727,0.0034679675464681647
128,15.934247016906738,17.47097396850586,19.05918083190918,20.528448371887205,17.51119765266776,1.2098182472801524,0.06908826405119363,1.196114307233143,0.0034302024505723505
129,15.935563850402833,17.47334384918213,19.028830337524415,20.523954105377197,17.51367203798145,1.198645661548179,0.0684405679716228,1.1941108903431357,0.003429796600601165
130,15.962040042877197,17.46756076812744,19.014079093933105,20.546862964630126,17.511697412468493,1.192272944457996,0.0680843733405927,1.1912060765953179,0.00340922565264834
131,15.953478240966797,17.474458694458008,19.028593444824217,20.496404342651367,17.509436883497983,1.1908161077155863,0.06800996032247547,1.1927551570516364,0.0033949477786632265
132,15.972095584869384,17.46775531768799,19.04863624572754,20.48700122833252,17.503586480859667,1.1863703417608347,0.06777870027140676,1.1926197251018589,0.003327303736454734
133,15.978016471862793,17.454264640808105,19.003985595703124,20.501761226654054,17.502969637978822,1.1821234957481113,0.06753845319956908,1.189383277277818,0.0033333216221145268
134,16.009100914001465,17.463967323303223,19.01995086669922,20.528196926116944,17.504137875512242,1.1777659876833368,0.06728500404073004,1.1880711458358342,0.0032849999003050634
135,16.01891498565674,17.458718299865723,19.017718887329103,20.55277883529663,17.500755320303142,1.1681348330951664,0.06674768098380181,1.1872039338717684,0.0032577932873933957
136,16.024553871154787,17.459217071533203,18.997539138793947,20.563989887237547,17.500602804124355,1.1636966797352217,0.0664946626559043,1.1855268665538778,0.0032675391422609668
137,16.03578758239746,17.448108673095703,18.979156684875488,20.58836881637573,17.495222264435142,1.1594817175473395,0.06627419189205568,1.1835500181923695,0.0033001415345852436
138,16.031251525878908,17.462055206298828,18.974484825134276,20.523987503051757,17.494053864851594,1.1530505129640312,0.06591099592306032,1.1835934826737744,0.003226250782375484
139,16.044856452941893,17.449645042419434,18.964699745178223,20.51536214828491,17.49244207656011,1.1519321265791438,0.06585313368696152,1.1819800196280947,0.0031919621969564993
140,16.05952396392822,17.43084144592285,18.95972785949707,20.47963632583618,17.492150095291436,1.1493784533409113,0.065708243245083,1.1805909005823014,0.0032150405015412
141,16.036884689331053,17.44558620452881,18.974330711364747,20.445265197753905,17.491657208185643,1.1452258364666046,0.06547268922756322,1.1831681201766016,0.0031182139901804184
142,16.037628364562988,17.45388698577881,18.97143974304199,20.473166942596436,17.491020027548075,1.1380179107888329,0.06506298140397032,1.1829329943173894,0.0031821829253395606
143,16.022905349731445,17.45552349090576,18.94559803009033,20.41393060684204,17.488044107332826,1.1347264628728118,0.06488584177329558,1.1824071612835103,0.0031224429535077203
144,16.032865142822267,17.455269813537598,18.929258728027342,20.4241344833374,17.484805084764957,1.1315876575351256,0.06471834556057547,1.1806535238339328,0.0031731268218526676
145,16.05508632659912,17.46464443206787,18.917621040344237,20.397176570892334,17.486262171994895,1.1251651405711884,0.06434566344162422,1.1782945700517746,0.0030784313815044317
146,16.055655860900877,17.458654403686523,18.95157871246338,20.45487657546997,17.485264914110303,1.1213050371164763,0.06412857012029613,1.180367770501031,0.003094360382160488
147,16.075792694091795,17.461111068725586,18.942783546447753,20.458831634521484,17.487556321080774,1.117124393561621,0.06388110340007642,1.1783421139418921,0.0030293573706487997
148,16.074885177612305,17.467317581176758,18.926268768310546,20.371814289093017,17.487469502259046,1.1135400781487639,0.06367645576193376,1.1773812726618662,0.002961061093260664
149,16.06851997375488,17.4728946685791,18.920686721801758,20.396500282287597,17.48399666324258,1.1074491431381435,0.0633407317828186,1.1775002771073746,0.00299452153323454
150,16.091286659240723,17.47428607940674,18.913909912109375,20.30425090789795,17.48196764010936,1.101942088565811,0.06303306991814783,1.175413148285921,0.0029760025279368385
151,16.071520233154295,17.467466354370117,18.900371932983397,20.256815185546873,17.4816901544109,1.099419620586975,0.06288977844110655,1.176016435208998,0.002917584467569956
152,16.074163055419923,17.458572387695312,18.887238883972167,20.23349105834961,17.478187752421945,1.0953550804850156,0.06266983144938655,1.17500605280993,0.002881800019949976
153,16.080132484436035,17.455979347229004,18.88192539215088,20.28588005065918,17.477515890728682,1.0890033345516734,0.0623088167311785,1.1742394168970125,0.0029003563696257117
154,16.078865623474123,17.457711219787598,18.87299289703369,20.182189979553222,17.478145162109286,1.0839993854799657,0.06202027591749027,1.1737763931231764,0.0028328115647118235
155,16.088281631469727,17.450944900512695,18.878498840332032,20.22670093536377,17.47848585434258,1.0817743513578475,0.061891765704011344,1.1734316487476486,0.0028250596285932517
156,16.090869903564453,17.456472396850586,18.85329818725586,20.24074451446533,17.477908179163933,1.0798538388143637,0.06178392904602267,1.171676752111424,0.0029170935546021237
157,16.100941467285157,17.459840774536133,18.828578186035156,20.14513702392578,17.47546167112887,1.0736246194305727,0.06143612338461439,1.1694085233644362,0.0029065498087856856
158,16.117664909362794,17.458935737609863,18.840087509155275,20.134081230163574,17.475893582683057,1.0703618075250414,0.06124790142838062,1.1689092443044289,0.002781142707865447
159,16.101830101013185,17.4578857421875,18.86247863769531,20.144346809387205,17.474548031575978,1.0683090170946297,0.06113514439195954,1.1714493644115904,0.0028473093250984682
160,16.092670440673828,17.455519676208496,18.85840606689453,20.14687412261963,17.473724846262485,1.0693819229610255,0.06119942555864151,1.1718630625300308,0.0027692973147064315
161,16.103001594543457,17.435843467712402,18.849853515625,20.106727447509762,17.472291747108102,1.0679600670914104,0.0611230674572597,1.1705801185545632,0.002767408712778252
162,16.117872619628905,17.43867588043213,18.86804542541504,20.103105087280273,17.472767375875264,1.0621907068099579,0.060791212059317506,1.1706287715933974,0.0027577338097632964
163,16.141426658630373,17.442893028259277,18.850132751464844,20.133982372283935,17.47113473666832,1.0577316962416865,0.060541671287196085,1.1678108230530047,0.0027664863567489206
164,16.12930202484131,17.428860664367676,18.81625633239746,20.154945793151857,17.46993412170559,1.0513604815141089,0.06018113601286233,1.1665883807878283,0.0027476872693990018
165,16.130551910400392,17.425780296325684,18.841322898864746,20.13055067062378,17.468281557783484,1.0504320348944545,0.0601336789437313,1.1680519676897445,0.002757765489096231
166,16.13028964996338,17.430604934692383,18.80289478302002,20.042772083282472,17.46574551658705,1.0439998589087531,0.05977413663317587,1.1656886014481895,0.0027610499423633694
167,16.129757118225097,17.421066284179688,18.80090618133545,20.09916389465332,17.464519629254937,1.0412354767409924,0.0596200467487701,1.1656037994578485,0.002669589969572339
168,16.135238075256346,17.4174165725708,18.80265655517578,20.13342643737793,17.46276851836592,1.037303855321098,0.059400882181433384,1.1653163385305088,0.0027212488575578675
169,16.146048736572265,17.413488388061523,18.795551681518553,20.16570728302002,17.4609512235038,1.0331591359157164,0.059169693717774315,1.1640960576902586,0.0026440090248178727
170,16.161979293823244,17.417140007019043,18.784880256652833,20.1344268989563,17.46148675540462,1.029369081003256,0.058950826777946,1.1622883506497255,0.0026276173235757483
171,16.160783958435058,17.417113304138184,18.775045585632324,20.14866304397583,17.463348496705294,1.0263927969622981,0.05877411180083485,1.1617657679182551,0.0026048569766150553
172,16.156062507629393,17.42583656311035,18.7566499710083,20.081216754913328,17.46234305528924,1.0243649020487822,0.05866136627859388,1.160966662647587,0.00262512775439383
173,16.158276748657226,17.42265510559082,18.756166076660158,20.0993186378479,17.46191681921482,1.0237367693794202,0.05862682659517174,1.1607776230357498,0.0025857695001645364
174,16.171994781494142,17.423226356506348,18.763932037353516,20.116707286834718,17.461253880057484,1.0223574181472592,0.05855005746837543,1.1602731939306192,0.002556509437702026
175,16.18143482208252,17.419604301452637,18.734429931640626,20.152599544525145,17.460126051213592,1.019697173073626,0.05840147832167285,1.1577730984692458,0.002635823125258785
176,16.18519878387451,17.411328315734863,18.742174911499024,20.132643718719482,17.46214880840853,1.017207690672312,0.058252148795255775,1.15798237400532,0.0025493102319442684
177,16.19934024810791,17.405062675476074,18.73492088317871,20.10009552001953,17.461332079023123,1.0156531415217522,0.058165845361929175,1.1565236976466964,0.0026177705635317405
178,16.198889350891115,17.409746170043945,18.73616714477539,20.07274429321289,17.45788257289678,1.010416361637133,0.05787737186443196,1.1566328245673645,0.002537390390568328
179,16.207242965698242,17.42041778564453,18.73842830657959,20.089162368774414,17.45748786535114,1.0083526804464376,0.05776046864381741,1.1561761828485242,0.0025436149437998434
180,16.20783042907715,17.41102695465088,18.734153938293456,20.11149419784546,17.457249884027988,1.0058242526768966,0.0576164206480854,1.1558705540677447,0.0025631667839469685
181,16.222731018066405,17.41573715209961,18.727959632873535,20.15513942718506,17.45524331415072,1.0026002110322627,0.057438340617083736,1.1544270574428677,0.0024990741211246004
182,16.241124153137207,17.4080810546875,18.723644256591797,20.124789943695067,17.45461596455425,0.9981178713895391,0.05718360538074598,1.1528539576476948,0.002534024270577362
183,16.212020683288575,17.407896995544434,18.718625450134276,20.07196672439575,17.454892915207893,0.9951330569298082,0.057011696477540716,1.1546139630471555,0.0024927213119019243
184,16.214866065979002,17.414278030395508,18.710443687438964,20.082936477661132,17.453215037006885,0.9933502901838679,0.056915031876798625,1.1539067674876466,0.0024940870250658165
185,16.214288330078126,17.416584014892578,18.707344818115235,20.077959213256836,17.451851057820022,0.9921217924366449,0.056849086618355235,1.1537567630034304,0.002468224777449679
186,16.209155464172362,17.412714958190918,18.702013969421387,20.109465923309326,17.45166957890615,0.99125946209521,0.0568002653048936,1.1537932380720928,0.0024059575225110486
187,16.213570213317873,17.39968967437744,18.701370429992675,20.059546489715576,17.449450075626373,0.9897034332835676,0.05671831656551737,1.1534393834265644,0.0024701735589987006
188,16.216834449768065,17.407544136047363,18.68535804748535,20.068635730743406,17.450849714688957,0.9870487450540106,0.05656164377045658,1.1522198185696217,0.002401591308393458
189,16.230260276794432,17.411161422729492,18.68742504119873,20.05806444168091,17.44891073415056,0.983721000656905,0.05637721549756064,1.1513940455974991,0.002333595104293318
190,16.242115211486816,17.403695106506348,18.703013038635255,19.99180137634277,17.450681215617806,0.9803107312461512,0.05617607239130609,1.1515133832696884,0.002368933636412107
191,16.253200340270997,17.405315399169922,18.691510009765626,19.933020496368407,17.450671885628253,0.9770705387122361,0.05599042518912503,1.150020280218485,0.002375351516819668
192,16.258415603637694,17.4148530960083,18.679538345336915,19.952174797058106,17.446975705679506,0.971894462967311,0.055705612213979905,1.1489150481033044,0.002375977977121302
193,16.241963386535645,17.405515670776367,18.696085357666014,19.978525085449217,17.446814140304923,0.9701249730931083,0.05560470612522689,1.1510976174940033,0.0023484173403029995
194,16.251722717285155,17.398496627807617,18.698737335205077,19.96932201385498,17.44595721969381,0.9689855800172281,0.05554212748632629,1.1505695525630217,0.0023291106135943096
195,16.233195877075197,17.404458045959473,18.68415412902832,19.930833587646482,17.444245896767825,0.9674270373874773,0.05545823207907932,1.1509843329996658,0.0023219068485900163
196,16.239709091186523,17.404687881469727,18.67428092956543,19.93564884185791,17.443410250823945,0.9654662927012387,0.0553484828263805,1.1499147444519298,0.0022656531251201706
197,16.247293281555176,17.407480239868164,18.686531448364256,19.962090797424317,17.444717404432595,0.9635464267652254,0.05523428121113583,1.1501319711867477,0.00235420440918932
198,16.23299388885498,17.41714859008789,18.68898582458496,19.917639675140382,17.444351301994175,0.9622813181740588,0.0551629178703856,1.1512963013813602,0.0022837394145032164
199,16.245724868774413,17.414097785949707,18.66456699371338,19.92761297225952,17.44212882872671,0.9587209263775202,0.054965820731614656,1.1488909940601157,0.0022973532555292664
200,16.243687248229982,17.406108856201172,18.66144256591797,19.890515785217286,17.441540692932904,0.9572493004544582,0.05488329943479843,1.1488427646223884,0.002275253709119296
201,16.250326919555665,17.40065097808838,18.662370681762695,19.864221363067628,17.439248458482325,0.9524944623523447,0.05461786180866402,1.1484304761465676,0.002321678666588056
202,16.261352157592775,17.399742126464844,18.67525119781494,19.859309177398682,17.440972216892987,0.9505997624303524,0.054503828720604226,1.1484439311582748,0.0022603342890308298
203,16.265466690063477,17.411256790161133,18.66703243255615,19.829452934265138,17.440896911546588,0.9476238823542165,0.05433343750382761,1.1476481301307995,0.002264628099455157
204,16.267580032348633,17.400120735168457,18.656956100463866,19.853233070373534,17.441496772691607,0.9455028922794677,0.054209962860518636,1.1468796258179692,0.0022476903379791136
205,16.277059173583986,17.398280143737793,18.661738014221193,19.857667713165284,17.440879730973393,0.9439559426607306,0.054123183991937746,1.1465055090852836,0.0022608818227347616
206,16.285022354125978,17.398545265197754,18.64455051422119,19.885711936950685,17.441639235708863,0.9398965637040994,0.05388808649245634,1.1448894639986418,0.0021993367675443576
207,16.27974033355713,17.393901824951172,18.63129367828369,19.808114433288573,17.440190094988793,0.9369904927606166,0.05372593347075089,1.1444466125715376,0.0022087526216492126
208,16.271975326538087,17.385281562805176,18.63717861175537,19.83009464263916,17.43882690416649,0.9360747967677974,0.05367762418377753,1.1453544045976922,0.0022166643235519423
209,16.259155464172363,17.39600944519043,18.632839012145997,19.872371559143065,17.440157470759004,0.9365600296304342,0.05370135167648085,1.1459905807041535,0.002238448496163059
210,16.264931869506835,17.39879035949707,18.631578063964845,19.8814453125,17.44119253149256,0.9389224769279562,0.053833616894750615,1.145506062579638,0.0021747397292686266
211,16.274017333984375,17.392674446105957,18.64103889465332,19.85520299911499,17.44043089170009,0.9357430120995599,0.05365366359984148,1.145447894769412,0.0021186171185940683
212,16.276497268676756,17.394803047180176,18.626877975463866,19.875051555633544,17.44074230082333,0.9357790441137085,0.05365477156723615,1.1444033484593943,0.0021185222294357597
213,16.27638339996338,17.39894199371338,18.64129467010498,19.862799243927,17.440607730764896,0.9348410060215591,0.053601400848693914,1.1452970977660137,0.002125297319707231
214,16.27049732208252,17.403926849365234,18.652179527282716,19.867550964355466,17.439582124818116,0.9340504214957354,0.05355922033054315,1.146380418376502,0.002088234677370293
215,16.265236854553223,17.407594680786133,18.642641258239745,19.875017261505125,17.43885374441743,0.9303557609438401,0.053349593647556565,1.1461647576943217,0.0021298653182895144
216,16.275945091247557,17.392993927001953,18.628934860229492,19.873792552947997,17.435826629400253,0.9282812553458335,0.05323987643812469,1.1445685492172901,0.002194936484075427
217,16.287136840820313,17.40281105041504,18.623534202575684,19.860722579956054,17.43582367291674,0.9242522231109611,0.05300880763933237,1.1434504655170379,0.00211518827364654
218,16.28364200592041,17.38776397705078,18.607306289672852,19.87328435897827,17.432670547626913,0.920995807497598,0.0528315959956561,1.1426992980383384,0.0021259002571187846
219,16.279573249816895,17.39505672454834,18.603973579406738,19.878487815856932,17.430752881336957,0.9189250734331276,0.05271861058950685,1.1427801757405396,0.002149972258812749
220,16.291975021362305,17.393129348754883,18.606538200378417,19.804190788269043,17.431096938438714,0.9146261418568005,0.05247094575212216,1.142067685224242,0.0020696486420710425
221,16.29577808380127,17.396796226501465,18.614377593994142,19.843904247283934,17.430746976751834,0.9126145905237899,0.052356596750614576,1.1422822217061033,0.0020580342904350513
222,16.297973442077637,17.40118408203125,18.614508819580077,19.844775600433348,17.433226449415088,0.9138904605572761,0.05242233634772401,1.1421364064517172,0.0020496783052526
223,16.308097648620606,17.385278701782227,18.599615478515624,19.825754318237305,17.433641880750656,0.9098306271690975,0.05218821364993658,1.1405141101843257,0.0020557497213384845
224,16.311682510375977,17.385574340820312,18.625995063781737,19.812949542999267,17.435679850634187,0.9092434001891108,0.052148434014521024,1.1418806767440213,0.0020384891649445347
225,16.308723831176756,17.385838508605957,18.60306568145752,19.83267116546631,17.435069943312556,0.9069100226462198,0.0520164258356805,1.1406818751749759,0.002034970640714562
226,16.307638359069824,17.383105278015137,18.608488845825196,19.798223342895508,17.432517276145518,0.903916006758551,0.05185229375882854,1.1410903550896876,0.0020817873908032247
227,16.316785430908205,17.379528999328613,18.5955509185791,19.822493343353273,17.430465524084866,0.8996228352745003,0.051612094584130866,1.1396577467614624,0.002005087932317462
228,16.317189407348632,17.3780574798584,18.58614444732666,19.773306198120117,17.4275868749246,0.89608824553932,0.051417803966230226,1.1390530552373301,0.002036783896939287
229,16.329364395141603,17.38233470916748,18.576651573181152,19.804389324188232,17.426429231651127,0.8914807210742066,0.05115682101156074,1.137622452635583,0.001993990186371253
230,16.326309585571288,17.37932300567627,18.56918087005615,19.808946361541746,17.426347458269447,0.8914265888251264,0.05115395472056374,1.1373777259783833,0.002009273004384582
231,16.32360420227051,17.3859920501709,18.57601890563965,19.823796215057374,17.42707478441298,0.8911506456580198,0.05113598562479788,1.1379851333969397,0.001963913438371767
232,16.333235931396484,17.395177841186523,18.581473541259765,19.826250591278075,17.426273437216878,0.8900396933141274,0.051074585540089756,1.1376480214518678,0.00201932463512966
233,16.333740615844725,17.385214805603027,18.5852912902832,19.791590843200684,17.427787399850786,0.8880431149120256,0.05095558572854916,1.137846603995556,0.0020159835592772346
234,16.32488021850586,17.39390277862549,18.578241920471193,19.756828231811525,17.42885288177058,0.8858977481664833,0.050829377824003166,1.138032357469363,0.0019758723985028315
235,16.325654411315917,17.392600059509277,18.581535720825194,19.693489055633542,17.428607737179846,0.8840251578177051,0.050722649287231636,1.1381801459637442,0.0019740881748666617
236,16.331068992614746,17.39674472808838,18.565139770507812,19.6635361289978,17.429426392540336,0.8798926585524126,0.05048316787573687,1.1367988083880707,0.0019667222400046036
237,16.351244354248045,17.387340545654297,18.57280101776123,19.657840366363526,17.4276956403628,0.8774831195609244,0.05034992219675105,1.1358646849978744,0.00193449690438241
238,16.342071723937988,17.386821746826172,18.579289627075195,19.652522201538083,17.42840729514137,0.8755221111887388,0.05023534832312611,1.1368992830853946,0.001988009030289284
239,16.3584716796875,17.393035888671875,18.574876976013183,19.580194225311278,17.42977777775377,0.8730847489047915,0.050091559401241464,1.135489753549399,0.0019489208410239378
240,16.35302867889404,17.40374183654785,18.572801208496095,19.575751857757567,17.429144226945937,0.8709711359173483,0.04997211134272462,1.1357407592923134,0.0019352317194298863
241,16.355533599853516,17.39943504333496,18.574852180480956,19.579727001190186,17.43044148478657,0.8691750650493991,0.04986534998600134,1.1356922149361925,0.0018902756401817378
242,16.353473472595216,17.395586013793945,18.588878059387206,19.612567253112793,17.431701843626797,0.8698801628293762,0.04990219375209271,1.1366929533678598,0.001901284944918702
243,16.367070198059082,17.394518852233887,18.576918411254884,19.62375778198242,17.43157385662198,0.868790176128444,0.04984003069799715,1.1350179467952584,0.001932985999326453
244,16.350695037841795,17.39669704437256,18.564792251586915,19.56839349746704,17.43300420232117,0.866757968236215,0.049719368972607016,1.135413033428906,0.001950335729550945
245,16.347843742370607,17.397133827209473,18.564494323730468,19.562150688171386,17.433518464211375,0.8645710763508518,0.049592460530884674,1.1355928412512721,0.0018759636722274209
246,16.35498924255371,17.390698432922363,18.571693229675294,19.602973918914795,17.43245375622064,0.8633413647802206,0.049524947942118806,1.1355368661052976,0.0018878357623177688
247,16.358140563964845,17.390450477600098,18.57509593963623,19.57231313705444,17.431852222885936,0.8629009112683108,0.04950138976829009,1.1355261233391705,0.0019298920442529788
248,16.358266639709473,17.394412994384766,18.576050186157225,19.57603681564331,17.431529165711254,0.860825314579699,0.04938323576757616,1.1355757058675222,0.001887575988535728
249,16.363391304016112,17.40046215057373,18.56020450592041,19.614364013671874,17.430816940497607,0.8578592308989801,0.049215090367100735,1.134251706207449,0.001885071075681699
250,16.357822799682616,17.40604877471924,18.560336112976074,19.651911907196045,17.429919259622693,0.8542671433087671,0.049011537608652095,1.13464587190272,0.0019158090816064899
